0	0
5	11.85
10	23.7
15	35.55
20	47.4
25	59.25
30	71.1
35	76.38
40	81.46
45	86.52
50	91.59
55	96.65
60	101.71
65	106.76
70	111.81
75	116.85
80	121.89
85	126.93
90	131.96
95	136.99
100	142.01
105	147.03
110	152.04
115	157.05
120	162.06
125	167.07
130	172.06
135	177.06
140	182.05
145	187.04
150	192.02
155	197
160	201.97
165	206.94
170	211.91
175	216.87
180	221.83
185	226.78
190	231.73
195	236.68
200	241.62
205	246.56
210	251.49
215	256.42
220	261.34
225	266.27
230	271.18
235	276.1
240	281
245	285.91
250	290.81
255	295.71
260	300.6
265	305.49
270	310.37
275	315.25
280	320.13
285	325
290	329.87
295	334.73
300	339.59
305	344.44
310	349.3
315	354.14
320	358.99
325	363.83
330	368.66
335	373.49
340	378.32
345	383.14
350	387.96
355	392.77
360	397.58
365	402.39
370	407.19
375	411.99
380	416.78
385	421.57
390	426.36
395	431.14
400	435.92
405	440.69
410	445.46
415	450.23
420	454.99
425	459.74
430	464.5
435	469.25
440	473.99
445	478.73
450	483.47
455	488.2
460	492.93
465	497.65
470	502.37
475	507.09
480	511.8
485	516.51
490	521.21
495	525.91
500	530.61
505	535.49
510	540.34
515	544.96
520	549.77
525	554.6
530	559.35
535	564.11
540	568.99
545	574.03
550	579.07
555	583.85
560	588.53
565	593.15
570	597.92
575	602.95
580	607.99
585	613.02
590	618.06
595	623.09
600	628.02
605	632.79
610	637.43
615	642.1
620	646.68
625	651.19
630	655.94
635	660.54
640	665.17
645	670.08
650	675.03
655	679.93
660	684.83
665	689.71
670	694.32
675	698.91
680	703.48
685	708.04
690	712.62
695	717.21
700	721.8
705	726.39
710	731.02
715	735.63
720	740.18
725	744.71
730	749.22
735	753.69
740	758.19
745	762.81
750	767.48
755	771.99
760	776.45
765	781.1
770	785.64
775	790.13
780	794.69
785	799.44
790	803.89
795	808.5
800	813.07
805	817.78
810	822.21
815	826.7
820	831.28
825	835.81
830	840.22
835	844.67
840	849.33
845	853.77
850	858.24
855	862.72
860	867.17
865	871.6
870	876
875	880.38
880	884.8
885	889.14
890	893.5
895	897.79
900	902.1
905	906.46
910	910.82
915	915.19
920	919.53
925	924.13
930	928.76
935	933.05
940	937.41
945	941.8
950	946.17
955	950.49
960	954.88
965	959.45
970	963.81
975	968.04
980	972.57
985	977.08
990	981.59
995	986.03
1000	990.4
1005	994.64
1010	998.99
1015	1003.31
1020	1007.67
1025	1012.02
1030	1016.3
1035	1020.53
1040	1024.88
1045	1029.09
1050	1033.29
1055	1037.53
1060	1041.75
1065	1046.01
1070	1050.19
1075	1054.32
1080	1058.45
1085	1062.56
1090	1066.8
1095	1071.07
1100	1075.33
1105	1079.78
1110	1084.3
1115	1088.82
1120	1093.38
1125	1097.84
1130	1102.38
1135	1107.02
1140	1111.62
1145	1116.23
1150	1120.73
1155	1125.3
1160	1129.9
1165	1134.44
1170	1139.03
1175	1143.6
1180	1148.19
1185	1152.71
1190	1157.36
1195	1161.88
1200	1166.44
1205	1171.13
1210	1175.9
1215	1180.78
1220	1185.69
1225	1190.44
1230	1195.32
1235	1200.36
1240	1205.34
1245	1210.15
1250	1215.07
1255	1220.07
1260	1225.05
1265	1229.9
1270	1235.06
1275	1240.16
1280	1245.37
1285	1250.64
1290	1255.83
1295	1260.87
1300	1265.95
1305	1270.69
1310	1275.77
1315	1280.76
1320	1285.7
1325	1290.72
1330	1295.7
1335	1300.31
1340	1305.03
1345	1310.02
1350	1314.79
1355	1319.55
1360	1324.38
1365	1329.11
1370	1333.73
1375	1338.34
1380	1343.1
1385	1347.88
1390	1352.63
1395	1357.65
1400	1362.78
1405	1368.01
1410	1373.32
1415	1378.64
1420	1383.91
1425	1389.14
1430	1394.43
1435	1399.52
1440	1404.77
1445	1410.09
1450	1415.44
1455	1420.85
1460	1426.24
1465	1431.61
1470	1437.01
1475	1442.4
1480	1447.71
1485	1453
1490	1458.34
1495	1463.79
1500	1469.22
1505	1474.7
1510	1480.18
1515	1485.6
1520	1491.03
1525	1496.45
1530	1501.88
1535	1507.32
1540	1512.72
1545	1518.09
1550	1523.37
1555	1528.72
1560	1534.12
1565	1539.6
1570	1545.12
1575	1550.49
1580	1555.96
1585	1561.32
1590	1566.59
1595	1572
1600	1577.35
1605	1582.77
1610	1588.39
1615	1593.97
1620	1599.37
1625	1604.9
1630	1610.34
1635	1615.81
1640	1621.35
1645	1626.83
1650	1632.16
1655	1637.5
1660	1642.89
1665	1648.36
1670	1653.86
1675	1659.39
1680	1664.7
1685	1670.13
1690	1675.33
1695	1680.72
1700	1686.19
1705	1691.37
1710	1696.58
1715	1701.83
1720	1706.97
1725	1711.92
1730	1716.96
1735	1722
1740	1727
1745	1732.1
1750	1737
1755	1742.06
1760	1747.49
1765	1752.96
1770	1758.41
1775	1763.8
1780	1768.64
1785	1773.23
1790	1778.22
1795	1782.77
1800	1787.38
1805	1791.91
1810	1796.46
1815	1801.01
1820	1805.55
1825	1810.14
1830	1814.07
1835	1818.06
1840	1822.4
1845	1826.69
1850	1831.11
1855	1835.61
1860	1840.09
1865	1844.54
1870	1848.99
1875	1853.45
1880	1857.9
1885	1862.35
1890	1866.8
1895	1871.25
1900	1875.71
1905	1880.16
1910	1884.61
1915	1889.06
1920	1893.51
1925	1897.96
1930	1902.42
1935	1906.87
1940	1911.32
1945	1915.77
1950	1920.22
1955	1924.68
1960	1929.13
1965	1933.58
1970	1938.03
1975	1942.48
1980	1946.94
1985	1951.39
1990	1955.84
1995	1960.29
2000	1964.74
2005	1969.2
2010	1973.65
2015	1978.1
2020	1982.55
2025	1987
2030	1991.46
2035	1995.91
2040	2000.36
2045	2004.81
2050	2009.26
2055	2013.71
2060	2018.17
2065	2022.62
2070	2027.07
2075	2031.52
2080	2035.97
2085	2040.43
2090	2044.88
2095	2049.33
2100	2053.78
2105	2058.23
2110	2062.69
2115	2067.14
2120	2071.59
2125	2076.04
2130	2080.49
2135	2084.95
2140	2089.4
2145	2093.85
2150	2098.3
2155	2102.75
2160	2107.2
2165	2111.66
2170	2116.11
2175	2120.56
2180	2125.01
2185	2129.46
2190	2133.92
2195	2138.37
2200	2142.82
2205	2147.27
2210	2151.72
2215	2156.18
2220	2160.63
2225	2165.08
2230	2169.53
2235	2173.98
2240	2178.44
2245	2182.89
2250	2187.34
2255	2191.79
2260	2196.24
2265	2200.7
2270	2205.15
2275	2209.6
2280	2214.05
2285	2218.5
2290	2222.95
2295	2227.41
2300	2231.86
2305	2236.31
2310	2240.76
2315	2245.21
2320	2249.67
2325	2254.12
2330	2258.57
2335	2263.02
2340	2267.47
2345	2271.93
2350	2276.38
2355	2280.83
2360	2285.28
2365	2289.73
2370	2294.19
2375	2298.64
2380	2303.09
2385	2307.54
2390	2311.99
2395	2316.45
